,X,Y,Z,x,y
1,1.266,-117.126,37.809,405,284,食指
2,-3.826,-181.0,16.762,109,390,皇冠中
3,-16.144,-143.94,-58.441,305,723剑柄中
4,-10.465,-191.655,-3.863,77,492,剑尖中
5,-6.019,-71.621,-41.177,629,640,剑端带连接
6,-2.337,-63.643,15.624,652,380,肚脐
7,-19.186,-131.713,60.802,342,191,花炉石
8,-7.963,-118.354,15.746,402,390,胸中圈
9,51.027,-13.152,14.819,928,371,莲座中圆葆中
10,3.069,-51.755,85.397,700,55,花端带中心圆
11,-0.356,-72.152,76.423,606,96,花端连接
12,50.168,-30.021,15.557,841,371,莲座小圆中
13,40.812,-15.863,65.827,893,113,莲座花端圆
14,21.384,-15.71,-40.498,895,649,莲座剑端圆圈